  7308
 25365
 29025
 28273
 24128
 16322
   365
   353
  -328
  -311
   286
  -264
  -251
   233
   222
  -207
  -199
   186
   178
  -167
   157
   151
  -142
  -137
   128
   123
  -115
  -110
   103
   -96
   -92
    84
    80
   -72
   -67
    58
    52
   -41
    28
    15
     7
    31
   -97
  -192
   837
-23074
-25885
-27822
-28167
-27468
-23940
 10841
 14454
 16907
 19048
 25383
 26989
 27487
 27875
 28014
 28124
 28126
 28148
 28165
 27742
 27327
 26811
 26553
 26606
 26786
 26850
 26778
 26805
 26692
 24359
 20887
-21333
-24627
-26184
-26852
-27028
-26959
-26754
-26714
-26695
-26665
-27229
-27700
-27865
-28154
-28161
-28075
-28017
-27996
-27442
-26972
-25908
-23637
-15549
-13609
 -6244
 30390
 27409
 28469
 28343
 27644
 27599
 27901
 27757
 27113
 26883
 26765
 25648
 24904
 23664
 21711
  7663
   524
  -192
  -130
    87
   -67
   -59
    54
    52
   -52
   -54
    59
    63
   -74
    90
   106
  -152
  -218
   767
-16197
-22017
-23806
-25432
-26292
-26716
-27129
-27333
-27659
-27794
-27779
-27828
-28170
-27855
-27805
-26215
 29711
 27236
 27457
 28047
 28026
 27735
 28027
 28015
 27797
 27803
 27917
 27884
 27950
 28064
 28153
 28121
 27926
 27823
 27613
 26771
 25594
 22022
-23071
-24406
-24553
 31561
 24503
 21681
-22513
-25473
-27071
-27490
-27732
-27885
-28112
-28051
-28078
-27985
-27890
-27797
-27811
-27924
-27954
-27864
-27905
-27898
-27783
-27752
-27805
-24100
 17768
 27731
 27964
 28141
 28172
 28096
 28099
 28195
 28179
 27998
 27925
 27885
 27343
 26895
 25950
 24641
 20876
 16955
  1744
  4616
 18057
 23332
 25301
 25670
 25487
-30865
-28101
-24443
-22938
-19891
 -8535
   145
-16257
-20473
-23804
-25299
-27075
-27564
-27535
-28193
-28269
-27891
-27913
-28374
-28374
-27899
-27847
-28149
-28041
-24195
 10751
 20690
 24332
 25454
 25880
 26316
 27513
 27773
 27143
 28365
 28555
 27031
 26670
 32477
-30937
-24709
-24353
-23807
-18313
  2332
 23078
-26600
-27497
-27411
-27341
-27063
-26397
-25635
-24773
-22205
-18766
 17394
 21817
 23462
 24541
 26917
 25840
 25720
 32025
-32027
-26688
-27016
-27958
-27660
-26814
-26487
-25868
-24839
-23666
-17828
 13498
 29299
 28968
 26851
 27694
 27865
 27260
 27310
 27942
 27863
 27036
 26800
 26820
 25173
 24090
 22274
 19941
 15330
 14676
 19096
 21886
 23656
 27076
 28118
 24864
  5857
 14242
 23673
 -1988
-23526
-27300
-26438
-23846
-25809
-26173
-25510
-26002
-27806
-28048
-27098
-27207
-28507
-27322
-27304
-28611
-28601
-26851
-26530
-28231
-28051
  9112
 29232
 28548
 27705
 27696
 27278
 26941
 26972
 26347
 23685
 22914
 20662
-11599
 30444
 25191
 25046
 25132
 23112
 -3112
-21661
-24192
-25247
-25894
-28317
-29192
  6742
 25325
 28032
 26038
 25341
 23397
 20492
 -7602
-20724
-25438
-26269
-25032
-30877
  3521
-21437
-23277
-23921
-25321
-26967
-27181
-27451
-27590
-27580
-28734
-29448
  7308
 25365
 29025
 28273
 24128
   801
   365
  -345
  -328
   303
   286
  -264
  -251
   233
   222
  -207
   194
   186
  -175
  -167
   157
   151
  -142
  -137
   128
  -121
  -115
   108
   103
   -96
   -92
    84
    80
   -72
    64
    58
   -49
   -41
    28
    15
     7
    31
   -97
   284
   837
-23571
-25885
-27822
-28167
-27468
-23940
 10841
 15446
 16907
 22536
 25383
 26989
 27487
 27875
 28014
 28124
 28139
 28148
 27968
 27742
 27327
 26811
 26553
 26606
 26786
 26744
 26778
 27062
 26692
 24359
 20887
-21333
-24627
-26184
-27101
-27028
-26793
-26754
-26763
-26695
-26665
-27229
-27700
-28103
-28154
-28090
-28075
-28106
-27996
-27442
-26972
-25908
-23637
-15549
-13771
 -6244
 26841
 27409
 28469
 28343
 27644
 27599
 27901
 27290
 27113
 27106
 26765
 25648
 24904
 23664
 21711
  7663
  -341
  -192
   112
    87
   -67
   -59
    54
    52
   -52
    55
    59
   -67
   -74
    90
   106
  -152
  -218
   767
-18718
-22017
-24542
-25432
-26292
-26716
-27129
-27333
-27659
-27708
-27779
-28088
-28170
-27855
-27805
-26215
 29711
 27236
 28083
 28047
 27701
 27735
 28027
 28015
 27797
 27803
 27917
 27778
 27950
 28182
 28153
 27993
 27926
 27823
 27613
 26771
 25594
 22022
-21679
-24406
-31669
 31561
 24503
 21681
-22513
-25473
-27071
-27519
-27732
-28060
-28112
-28051
-28078
-27985
-27890
-27797
-27917
-27924
-27871
-27864
-27905
-27898
-27783
-27752
-27805
-14251
 17768
 27873
 27964
 28141
 28172
 28096
 28099
 28195
 28045
 27998
 28018
 27885
 27343
 26895
 25950
 24641
 20876
 15061
  1744
 12372
 18057
 23332
 25301
 25670
 25487
-30865
-25199
-24443
-23041
-19891
 -8535
   145
-16257
-20473
-23804
-26307
-27075
-27284
-27535
-28193
-28269
-27891
-27913
-28374
-27917
-27899
-28258
-28149
-27448
-24195
 10751
 20690
 24332
 25454
 25880
 27190
 27513
 27031
 27143
 28365
 28555
 27031
 26670
 32477
-24083
-24709
-25297
-23807
-18313
  2332
 23078
-26600
-27497
-27572
-27341
-26782
-26397
-25635
-24773
-22205
-18766
 17394
 21679
 23462
 26209
 26917
 25840
 25720
 32025
-32027
-26688
-28272
-27958
-26993
-26814
-26487
-25868
-24839
-23666
-17828
 31012
 29299
 27313
 26851
 27694
 27865
 27260
 27310
 27942
 27188
 27036
 27245
 26820
 25173
 24090
 22274
 19941
 15330
 16345
 19096
 21904
 23656
 27076
 28118
 24864
  5857
 14242
 22917
 -1988
-28591
-27300
-23926
-23846
-25809
-26173
-25510
-26002
-27806
-26938
-27098
-28443
-28507
-27322
-27304
-28611
-28601
-26851
-28403
-28231
-22828
  9112
 29232
 28548
 27705
 27696
 27278
 27223
 26972
 25047
 23685
 22914
 20662
-11599
 30444
 25191
 25976
 25132
 19988
 -3112
-21661
-24192
-25247
-25894
-28317
-25137
  6742
 28929
 28032
 26038
 25341
 23397
 20492
 -7602
-23752
-25438
-24951
-25032
-30877
  3521
-21437
-23277
-23921
-26423
-26967
-27107
-27451
-27590
-27580
-28734
-29448
  7308
 29909
 29025
 25862
 24128
   801
   365
  -345
  -328
   303
  -278
  -264
   245
   233
  -217
  -207
   194
   186
  -175
  -167
   157
  -148
  -142
   134
   128
  -121
  -115
   108
   103
   -96
    89
    84
   -77
   -72
    64
    58
   -49
   -41
    28
    -9
     7
   -47
   -97
   284
   837
-23571
-25885
-27822
-27538
-27468
   521
 10841
 15446
 16907
 22536
 25383
 26989
 27650
 27875
 28063
 28124
 28139
 28148
 27968
 27742
 27327
 26507
 26553
 26720
 26786
 26744
 26778
 27062
 26692
 24359
 17408
-21333
-24877
-26184
-27101
-27028
-26793
-26754
-26763
-26625
-26665
-27434
-27700
-28103
-28154
-28090
-28075
-28106
-27725
-27442
-26947
-25908
-20315
-15549
-13771
 -6244
 26841
 27409
 28469
 27665
 27644
 28024
 27901
 27290
 27113
 27106
 26765
 25648
 24886
 23664
 19050
  7663
  -341
  -192
   112
    87
   -67
    57
    54
   -52
   -52
    55
    59
   -67
   -74
    90
  -117
  -152
   284
   767
-18718
-22017
-24542
-25432
-26292
-26865
-27129
-27498
-27659
-27708
-27779
-28088
-28170
-27855
-28471
-26215
 26641
 27236
 28083
 28047
 27701
 27735
 28027
 27819
 27797
 27937
 27917
 27778
 27950
 28182
 28153
 27993
 27980
 27823
 27268
 26771
 25446
 22022
-21679
-24406
-31669
 24672
 24503
 19797
-22513
-26087
-27071
-27519
-27732
-28060
-28112
-28051
-28174
-27985
-27772
-27797
-27917
-27924
-27871
-27864
-27905
-27802
-27783
-27826
-27805
-14251
 17768
 27873
 27964
 28141
 28086
 28096
 28201
 28195
 28045
 27998
 28018
 27885
 27343
 26794
 25950
 23438
 20876
 15061
  1744
 12372
 18057
 23332
 25005
 25670
 30022
-30865
-25199
-24443
-23041
-19891
 -8535
 -4861
-16257
-21515
-23804
-26307
-27075
-27284
-27535
-28193
-27853
-27891
-28365
-28374
-27917
-27899
-28258
-28149
-27448
-17215
 10751
 22539
 24332
 25266
 25880
 27190
 27513
 27031
 28183
 28365
 27176
 27031
 29820
 32477
-24083
-24709
-25297
-23807
-18313
 18049
 23078
-27557
-27497
-27572
-27341
-26782
-26397
-25635
-24001
-22205
-17152
 17394
 21679
 23462
 26209
 26917
 25840
 29075
 32025
-25553
-26688
-28272
-27958
-26993
-26814
-26487
-25619
-24839
-21770
-17828
 31012
 29299
 27313
 26851
 27694
 27155
 27260
 27983
 27942
 27188
 27036
 27245
 26820
 25173
 24041
 22274
 17871
 15330
 16345
 19096
 21904
 23656
 27076
 25644
 24864
-25215
 14242
 22917
 -1988
-28591
-27300
-23926
-25681
-25809
-24960
-25510
-27490
-27806
-26938
-27098
-28443
-28507
-27322
-28603
-28611
-27051
-26851
-28403
-28231
-22828
  9112
 29232
 27599
 27705
 27609
 27278
 27223
 26972
 25047
 23685
 22914
 15963
-11599
 24564
 25191
 25976
 25132
 19988
 -3112
-21661
-24043
-25247
-27690
-28317
-25137
  6742
 28929
 28032
 26038
 25364
 23397
 17924
 -7602
-23752
-25438
-24951
-25032
-30877
-17860
-21437
-22559
-23921
-26423
-26967
-27107
-27451
-27590
-28354
-28734
-25988
  7308
 29909
 29025
 25862
 24128
   801
  -358
  -345
   320
   303
  -278
  -264
   245
   233
  -217
   203
   194
  -182
  -175
   163
   157
  -148
  -142
   134
   128
  -121
   113
   108
  -101
   -96
    89
    84
   -77
   -72
    64
   -55
   -49
    37
    28
    -9
     7
   -47
   -97
   284
-13106
-23571
-27228
-27822
-27538
-27468
   521
 10841
 15446
 17212
 22536
 26085
 26989
 27650
 27875
 28063
 28124
 28139
 28123
 27968
 27640
 27327
 26507
 26553
 26720
 26786
 26744
 26985
 27062
 25911
 24359
 17408
-21333
-24877
-26184
-27101
-26824
-26793
-26828
-26763
-26625
-26665
-27434
-27700
-28103
-28107
-28090
-28170
-28106
-27725
-27442
-26947
-25908
-20315
-15590
-13771
 17095
 26841
 28651
 28469
 27665
 27644
 28024
 27901
 27290
 27373
 27106
 26184
 25648
 24886
 23664
 19050
  7663
  -341
   156
   112
   -79
   -67
    57
    54
   -52
   -52
    55
   -61
   -67
    78
    90
  -117
  -152
   284
   767
-18718
-23214
-24542
-25726
-26292
-26865
-27129
-27498
-27659
-27708
-28002
-28088
-27870
-27855
-28471
-26215
 26641
 27236
 28083
 27652
 27701
 28013
 28027
 27819
 27797
 27937
 27917
 27778
 28221
 28182
 28031
 27993
 27980
 27823
 27268
 26771
 25446
   651
-21679
-28658
-31669
 24672
 24503
 19797
-22513
-26087
-27230
-27519
-27940
-28060
-28016
-28051
-28174
-27985
-27772
-27797
-27917
-27842
-27871
-27943
-27905
-27802
-27783
-27826
-27805
-14251
 25410
 27873
 28089
 28141
 28086
 28096
 28201
 28195
 28045
 28099
 28018
 27629
 27343
 26794
 25950
 23438
 20876
 15061
    16
 12372
 20435
 23332
 25005
 25670
 30022
-30865
-25199
-25192
-23041
-16626
 -8535
 -4861
-16257
-21515
-23804
-26307
-26887
-27284
-28070
-28193
-27853
-27891
-28365
-28374
-27917
-28351
-28258
-27605
-27448
-17215
 10751
 22539
 24332
 25266
 26776
 27190
 26865
 27031
 28183
 28365
 27176
 27031
 29820
  6487
-24083
-26468
-25297
-21731
-18313
 18049
 23078
-27557
-27497
-27572
-27062
-26782
-26253
-25635
-24001
-22205
-17152
 17394
 21679
 25284
 26209
 25649
 25840
 29075
 32025
-25553
-26688
-28272
-27094
-26993
-26959
-26487
-25619
-24839
-21770
-17828
 31012
 27009
 27313
 27335
 27694
 27155
 27260
 27983
 27942
 27188
 27536
 27245
 25928
 25173
 24041
 22274
 17871
 15330
 16345
 19508
 21904
 25811
 27076
 25644
 24864
-25215
 14242
 22917
-32042
-28591
-24142
-23926
-25681
-25809
-24960
-25510
-27490
-26710
-26938
-28352
-28443
-27312
-27322
-28603
-28611
-27051
-28512
-28403
-25019
-22828
 31849
 29232
 27599
 27705
 27609
 27278
 27223
 26038
 25047
 24271
 22914
 15963
-11599
 24564
 25191
 25976
 23413
 19988
-17823
-21661
-24043
-25247
-27690
-28317
-25137
 31738
 28929
 26353
 26038
 25364
 23397
 17924
 -7602
-23752
-24515
-24951
-28089
-30877
-17860
-21437
-22559
-23921
-26423
-26762
-27107
-27508
-27590
-28354
-28734
-25988
  7308
 29909
 26412
 25862
 24334
   801
  -358
  -345
   320
   303
  -278
   257
   245
  -228
  -217
   203
   194
  -182
  -175
   163
  -154
  -148
   139
   134
  -126
  -121
   113
   108
  -101
    94
    89
   -82
   -77
    70
    64
   -55
   -49
    37
    28
    -9
   -18
   -47
   134
   284
-13106
-23571
-27228
-27822
-27538
-29104
   521
 13496
 15446
 17212
 22536
 26085
 26989
 27650
 27955
 28063
 28131
 28139
 28123
 27968
 27640
 27327
 26507
 26654
 26720
 26702
 26744
 26985
 27062
 25911
 24359
 17408
-22081
-24877
-26951
-27101
-26824
-26793
-26828
-26763
-26625
-27005
-27434
-27821
-28103
-28107
-28090
-28170
-28106
-27725
-27498
-26947
-24520
-20315
-15590
-13771
 17095
 26841
 28651
 27650
 27665
 28133
 28024
 27424
 27290
 27373
 27106
 26184
 25648
 24886
 22132
 19050
 -1007
  -341
   156
   112
   -79
   -67
    57
   -53
   -52
    53
    55
   -61
   -67
    78
    90
  -117
   178
   284
 -3477
-18718
-23214
-24542
-25726
-26292
-26865
-27295
-27498
-27614
-27708
-28002
-28088
-27870
-27855
-28471
 16691
 26641
 28163
 28083
 27652
 27701
 28013
 28027
 27819
 27945
 27937
 27796
 27778
 28221
 28182
 28031
 27993
 27980
 27562
 27268
 26750
 25446
   651
-21679
-28658
-31669
 24672
 25968
 19797
-23662
-26087
-27230
-27519
-27940
-28060
-28016
-28166
-28174
-27716
-27772
-27917
-27917
-27842
-27871
-27943
-27905
-27802
-27858
-27826
-27284
-14251
 25410
 27873
 28089
 28141
 28086
 28200
 28201
 28073
 28045
 28099
 28018
 27629
 27343
 26794
 25111
 23438
 19578
 15061
    16
 12372
 20435
 23332
 25005
 27948
 30022
-24964
-25199
-25192
-23041
-16626
 -8535
 -4861
-18032
-21515
-25116
-26307
-26887
-27284
-28070
-28193
-27853
-28347
-28365
-27925
-27917
-28351
-28258
-27605
-27448
-17215
 18715
 22539
 24370
 25266
 26776
 27190
 26865
 27031
 28183
 27222
 27176
 29126
 29820
  6487
-24083
-26468
-25297
-21731
-16564
 18049
 16110
-27557
-27771
-27572
-27062
-26782
-26253
-25635
-24001
-21407
-17152
 18216
 21679
 25284
 26209
 25649
 25840
 29075
  4395
-25553
-28682
-28272
-27094
-26993
-26959
-26487
-25619
-23774
-21770
-18111
 31012
 27009
 27313
 27335
 27694
 27155
 27988
 27983
 27277
 27188
 27536
 27245
 25928
 25173
 24041
 20481
 17871
 15446
 16345
 19508
 21904
 25811
 27076
 25644
 32190
-25215
 21249
 22917
-32042
-28591
-24142
-23926
-25681
-24426
-24960
-27093
-27490
-26710
-26938
-28352
-28443
-27312
-28584
-28603
-27180
-27051
-28512
-28403
-25019
-22828
 31849
 27275
 27599
 27895
 27609
 27396
 27223
 26038
 25047
 24271
 22914
 15963
 10657
 24564
 26767
 25976
 23413
 19988
-17823
-21661
-24043
-26936
-27690
-26049
-25137
 31738
 28929
 26353
 26038
 25364
 21514
 17924
-19790
-23752
-24515
-24951
-28089
-30877
-17860
-20437
-22559
-25468
-26423
-26762
-27107
-27508
-27590
-28354
-27101
-25988
 32767
 29909
 26412
 25862
 24334
   801
  -358
   337
   320
  -294
  -278
   257
   245
  -228
  -217
   203
  -190
  -182
   171
   163
  -154
  -148
   139
   134
  -126
   118
   113
  -106
  -101
    94
    89
   -82
   -77
    70
   -61
   -55
    45
    37
   -22
    -9
   -18
   -47
   134
   284
-13106
-26037
-27228
-27334
-27538
-29104
   521
 13496
 15446
 17212
 24231
 26085
 27276
 27650
 27955
 28063
 28131
 28139
 28123
 27833
 27640
 27074
 26507
 26654
 26720
 26702
 26744
 26985
 26751
 25911
 23655
 17408
-22081
-24877
-26951
-27101
-26824
-26895
-26828
-26670
-26625
-27005
-27434
-27821
-28103
-28107
-28169
-28170
-27903
-27725
-27498
-26947
-24520
-20315
-15590
 -8164
 17095
 29010
 28651
 27650
 27665
 28133
 28024
 27424
 27586
 27373
 26582
 26184
 25720
 24886
 22132
 19050
 -1007
   248
   156
   -98
   -79
    63
    57
   -53
   -52
    53
    55
   -61
    70
    78
   -97
  -117
   178
   284
 -3477
-18718
-23214
-24943
-25726
-26519
-26865
-27295
-27498
-27614
-27708
-28002
-27859
-27870
-28356
-28471
 16691
 26641
 28163
 28083
 27652
 28008
 28013
 27827
 27819
 27945
 27937
 27796
 27778
 28221
 28055
 28031
 28074
 27980
 27562
 27268
 26750
 25446
   651
-26776
-28658
  6738
 24672
 25968
 19797
-23662
-26087
-27230
-27743
-27940
-27972
-28016
-28166
-28174
-27716
-27772
-27917
-27811
-27842
-27968
-27943
-27811
-27802
-27858
-27826
-27284
-14251
 25410
 28006
 28089
 28064
 28086
 28200
 28201
 28073
 28045
 28099
 27809
 27629
 27331
 26794
 25111
 23438
 19578
 15061
    16
 16144
 20435
 23667
 25005
 27948
 30022
-24964
-25199
-25192
-20478
-16626
 -1894
 -4861
-18032
-21515
-25116
-26307
-26887
-27875
-28070
-27792
-27853
-28347
-28365
-27925
-27917
-28351
-27718
-27605
-27390
-17215
 18715
 22539
 24370
 25266
 26776
 26633
 26865
 27991
 28183
 27222
 27176
 29126
 29820
  6487
-27739
-26468
-23428
-21731
-16564
 18049
 16110
-27557
-27771
-27268
-27062
-26711
-26253
-25116
-24001
-21407
-17152
 18216
 21679
 25284
 25228
 25649
 28151
 29075
  4395
-25553
-28682
-28272
-27094
-27337
-26959
-26161
-25619
-23774
-21770
-18111
 31012
 27009
 28911
 27335
 26977
 27155
 27988
 27983
 27277
 27188
 27536
 26448
 25928
 25311
 24041
 20481
 17871
 15446
 16345
 19508
 24129
 25811
 25483
 25644
 32190
-25215
 21249
 22917
-32042
-24242
-24142
-25887
-25681
-24426
-24960
-27093
-27490
-26710
-28225
-28352
-27276
-27312
-28584
-28603
-27180
-27051
-28512
-25995
-25019
-29098
 31849
 27275
 27599
 27895
 27609
 27396
 26593
 26038
 25273
 24271
 20080
 15963
 10657
 24564
 26767
 25976
 23413
 17874
-17823
-21710
-24043
-26936
-27690
-26049
-25137
 31738
 26248
 26353
 26525
 25364
 21514
 17924
-19790
-23752
-24515
-27068
-28089
 -6851
-17860
-20437
-22559
-25468
-26423
-26762
-27333
-27508
-28062
-28354
-27101
-25988
 32767
 29909
 26412
 27100
 24334
  -390
  -358
   337
   320
  -294
  -278
   257
  -239
  -228
   212
   203
  -190
  -182
   171
   163
  -154
   145
   139
  -131
  -126
   118
   113
  -106
  -101
    94
   -87
   -82
    75
    70
   -61
   -55
    45
    37
   -22
     1
   -18
    68
   134
  -457
-13106
-26037
-27228
-27334
-27538
-29104
  5616
 13496
 16083
 17212
 24231
 26085
 27276
 27650
 27955
 28103
 28131
 28126
 28123
 27833
 27640
 27074
 26507
 26654
 26656
 26702
 26917
 26985
 26751
 25911
 23655
 17408
-22081
-26130
-26951
-26847
-26824
-26895
-26828
-26670
-26625
-27005
-27587
-27821
-28127
-28107
-28169
-28170
-27903
-27725
-27498
-26145
-24520
-17081
-15590
 -8164
 17095
 29010
 28651
 27650
 28236
 28133
 27526
 27424
 27586
 27373
 26582
 26184
 25720
 23823
 22132
 18006
 -1007
   248
   156
   -98
   -79
    63
   -56
   -53
    52
    53
   -56
   -61
    70
    78
   -97
  -117
   178
  -415
 -3477
-21008
-23214
-24943
-25726
-26519
-26865
-27295
-27491
-27614
-27906
-28002
-27859
-27870
-28356
-28471
 16691
 28405
 28163
 27577
 27652
 28008
 28013
 27827
 27819
 27945
 27805
 27796
 27823
 28221
 28055
 28031
 28074
 27980
 27562
 27321
 26750
 22617
   651
-26776
-28658
  6738
 24672
 25968
-10667
-23662
-26694
-27230
-27743
-27940
-27972
-28016
-28166
-28115
-27716
-27907
-27917
-27811
-27842
-27968
-27943
-27811
-27882
-27858
-27708
-27284
  2341
 25410
 28006
 28089
 28064
 28191
 28200
 28091
 28073
 28149
 28099
 27809
 27629
 27331
 26794
 25111
 22629
 19578
  8877
    16
 16144
 20435
 23667
 25005
 27948
-12441
-24964
-26736
-25192
-20478
-16626
 -1894
 -4861
-18032
-23278
-25116
-26265
-26887
-27875
-28070
-27792
-27853
-28347
-27923
-27925
-28368
-28351
-27718
-27605
-27390
-17215
 18715
 23001
 24370
 26226
 26776
 26633
 26865
 27991
 28183
 27222
 28785
 29126
 25540
  6487
-27739
-26468
-23428
-21731
-16564
 18130
 16110
-27960
-27771
-27268
-27062
-26711
-26253
-25116
-23493
-21407
  -742
 18216
 23956
 25284
 25228
 25649
 28151
 24742
  4395
-29439
-28682
-27113
-27094
-27337
-26959
-26161
-25619
-23774
-21766
-18111
 26138
 27009
 28911
 27335
 26977
 27155
 27988
 27316
 27277
 27732
 27536
 26448
 25928
 25311
 24041
 20481
 17268
 15446
 16703
 19508
 24129
 25811
 25483
 25644
 32190
-11524
 21249
 28902
-32042
-24242
-24142
-25887
-25681
-24426
-26634
-27093
-26403
-26710
-28225
-28352
-27276
-27312
-28584
-27259
-27180
-28573
-28512
-25995
-25019
-29098
 31849
 27275
 28181
 27895
 27593
 27396
 26593
 26038
 25273
 24271
 20080
 14499
 10657
 27757
 26767
 24542
 23413
 17874
-17823
-21710
-24043
-26936
-26163
-26049
-31789
 31738
 26248
 26353
 26525
 25364
 21514
 14150
-19790
-23633
-24515
-27068
-28089
 -6851
-17860
-20437
-24458
-25468
-26250
-26762
-27333
-27508
-28062
-28354
-27101
-32054
 32767
 26358
 26412
 27100
 24334
  -390
  -358
   337
  -311
  -294
   271
   257
  -239
  -228
   212
   203
  -190
   178
   171
  -160
  -154
   145
   139
  -131
  -126
   118
  -110
  -106
    99
    94
   -87
   -82
    75
    70
   -61
    52
    45
   -32
   -22
     1
   -18
    68
   134
  -457
-23074
-26037
-26863
-27334
-28449
-29104
  5616
 13496
 16083
 17212
 24231
 26623
 27276
 27778
 27955
 28103
 28131
 28126
 28123
 27833
 27480
 27074
 26587
 26654
 26656
 26702
 26917
 26985
 26751
 25678
 23655
 -9408
-22081
-26130
-26951
-26847
-26824
-26895
-26714
-26670
-26617
-27005
-27587
-27821
-28127
-28107
-28169
-28017
-27903
-27813
-27498
-26145
-24520
-17081
-15590
 -8164
 30390
 29010
 27585
 27650
 28236
 28133
 27526
 27424
 27586
 26883
 26582
 26319
 25720
 23823
 22132
 18006
 -1007
   248
  -130
   -98
    72
    63
   -56
   -53
    52
    53
   -56
    63
    70
   -83
   -97
   132
   178
  -415
 -3477
-21008
-23214
-24943
-26060
-26519
-27041
-27295
-27491
-27614
-27906
-28002
-27859
-28256
-28356
-27827
 16691
 28405
 28163
 27577
 27652
 28008
 27789
 27827
 27978
 27945
 27805
 27796
 27823
 28221
 28055
 28121
 28074
 27786
 27562
 27321
 26750
 22617
   651
-26776
-24553
  6738
 28241
 25968
-10667
-23662
-26694
-27230
-27743
-27885
-27972
-28144
-28166
-28115
-27716
-27907
-27917
-27811
-27954
-27968
-27834
-27811
-27882
-27858
-27708
-27284
  2341
 27731
 28006
 28026
 28064
 28191
 28200
 28091
 28073
 28149
 27925
 27809
 27671
 27331
 26195
 25111
 22629
 19578
  8877
    16
 16144
 21475
 23667
 26711
 27948
-12441
-24964
-26736
-25192
-20478
-15290
 -1894
-12330
-18032
-23278
-25116
-26265
-26887
-27875
-27692
-27792
-28318
-28347
-27923
-27925
-28368
-28351
-27718
-28041
-27390
 -2929
 18715
 23001
 24370
 26226
 26776
 26633
 27773
 27991
 27207
 27222
 28785
 29126
 25540
  6487
-27739
-24353
-23428
-21492
-16564
 18130
 16110
-27960
-27771
-27268
-27063
-26711
-25866
-25116
-23493
-21407
  -742
 18216
 23956
 24541
 25228
 27525
 28151
 24742
  4395
-29439
-28682
-27113
-27660
-27337
-26544
-26161
-25018
-23774
-21766
-18111
 26138
 27009
 28911
 26696
 26977
 27952
 27988
 27316
 27277
 27732
 27536
 26448
 26202
 25311
 22562
 20481
 17268
 15446
 16703
 19508
 24129
 24820
 25483
 29268
 32190
-11524
 21249
 28902
-32042
-24242
-26438
-25887
-24019
-24426
-26634
-27093
-26403
-26710
-28225
-27207
-27276
-28554
-28584
-27259
-27180
-28573
-28512
-25995
-28051
-29098
 26221
 27275
 28181
 27895
 27593
 27396
 26593
 26347
 25273
 22285
 20080
 14499
 10657
 27757
 26767
 24542
 23112
 17874
-18385
-21710
-25894
-26936
-26163
-26049
-31789
 25325
 26248
 27345
 26525
 24035
 21514
 14150
-19790
-23633
-24515
-27068
-24319
 -6851
-16480
-20437
-24458
-25468
-26250
-26762
-27333
-27777
-28062
-27452
-27101
-32054
 32767
 26358
 26412
 27100
 16322
  -390
   353
   337
  -311
  -294
   271
   257
  -239
   222
   212
  -199
  -190
   178
   171
  -160
  -154
   145
  -137
  -131
   123
   118
  -110
  -106
    99
    94
   -87
    80
    75
   -67
   -61
    52
    45
   -32
   -22
     1
    31
    68
  -192
  -457
-23074
-26037
-26863
-27334
-28449
-23940
  5616
 14454
 16083
 19048
 24231
 26623
 27276
 27778
 28014
 28103
 28126
 28126
 28165
 27833
 27480
 27074
 26587
 26654
 26656
 26850
 26917
 26805
 26751
 25678
 23655
 -9408
-22081
-26130
-26852
-26847
-26959
-26895
-26714
-26670
-26617
-27005
-27587
-27865
-28127
-28161
-28169
-28017
-27903
-27813
-27498
-26145
-23637
-17081
-13609
 -8164
 30390
 29010
 27585
 27650
 28236
 27599
 27526
 27757
 27586
 26883
 26582
 26319
 25720
 23823
 21711
 18006
   524
   248
  -130
   -98
    72
    63
   -56
    52
    52
   -54
   -56
    63
    70
   -83
   -97
   132
  -218
  -415
-16197
-21008
-23806
-24943
-26060
-26519
-27041
-27295
-27491
-27794
-27906
-27828
-27859
-28256
-28356
-27827
 16691
 28405
 27457
 27577
 28026
 28008
 27789
 27827
 27978
 27945
 27805
 27884
 27823
 28064
 28055
 28121
 28074
 27786
 27562
 27321
 25594
 22617
-23071
-26776
-24553
  6738
 28241
 25968
-10667
-25473
-26694
-27490
-27743
-27885
-27972
-28144
-28166
-28115
-27890
-27907
-27811
-27811
-27954
-27968
-27834
-27811
-27882
-27752
-27708
-24100
  2341
 27731
 28006
 28026
 28064
 28191
 28099
 28091
 28179
 28149
 27925
 27809
 27671
 27331
 26195
 24641
 22629
 16955
  8877
  4616
 16144
 21475
 23667
 26711
 27948
-12441
-28101
-26736
-22938
-20478
-15290
 -1894
-12330
-18032
-23278
-25299
-26265
-27564
-27875
-27692
-27792
-28318
-28347
-27923
-28374
-28368
-27847
-27718
-28041
-27390
 -2929
 18715
 23001
 25454
 26226
 26316
 26633
 27773
 27991
 27207
 27222
 28785
 26670
 25540
-30937
-27739
-24353
-23428
-21492
-16564
 18130
-26600
-27960
-27411
-27268
-27063
-26711
-25866
-25116
-23493
-18766
  -742
 21817
 23956
 24541
 25228
 27525
 28151
 24742
-32027
-29439
-27016
-27113
-27660
-27337
-26544
-26161
-25018
-23666
-21766
 13498
 26138
 28968
 28911
 26696
 26977
 27952
 27988
 27316
 27863
 27732
 26800
 26448
 26202
 25311
 22562
 20481
 17268
 14676
 16703
 21886
 24129
 24820
 25483
 29268
 32190
-11524
 23673
 28902
-23526
-24242
-26438
-25887
-24019
-24426
-26634
-26002
-26403
-28048
-28225
-27207
-27276
-28554
-28584
-27259
-28601
-28573
-26530
-25995
-28051
-29098
 26221
 27275
 28181
 27696
 27593
 26941
 26593
 26347
 25273
 22285
 20080
 14499
 30444
 27757
 25046
 24542
 23112
 17874
-18385
-21710
-25894
-25894
-26163
-29192
-31789
 25325
 26248
 27345
 26525
 24035
 20492
 14150
-20724
-23633
-26269
-27068
-24319
 -6851
-16480
-20437
-24458
-25321
-26250
-27181
-27333
-27777
-28062
-27452
-27101
-32054
 25365
 26358
 28273
 27100
 16322
  -390
   353
   337
  -311
   286
   271
  -251
  -239
   222
   212
  -199
  -190
   178
  -167
  -160
   151
   145
  -137
  -131
   123
   118
  -110
   103
    99
   -92
   -87
    80
    75
   -67
   -61
    52
   -41
   -32
    15
     1
    31
    68
  -192
  -457
-23074
-25885
-26863
-28167
-28449
-23940
  5616
 14454
 16083
 19048
 25383
 26623
 27487
 27778
 28014
 28103
 28126
 28126
 28165
 27742
 27480
 26811
 26587
 26606
 26656
 26850
 26917
 26805
 26751
 25678
 20887
 -9408
-24627
-26130
-26852
-26847
-26959
-26895
-26714
-26695
-26617
-27229
-27587
-27865
-28127
-28161
-28169
-28017
-27996
-27813
-26972
-26145
-23637
-17081
-13609
 -8164
 30390
 27409
 27585
 28343
 28236
 27599
 27526
 27757
 27586
 26883
 26765
 26319
 24904
 23823
 21711
 18006
   524
   248
  -130
    87
    72
   -59
   -56
    52
    52
   -54
   -56
    63
   -74
   -83
   106
   132
  -218
  -415
-16197
-21008
-23806
-25432
-26060
-26716
-27041
-27333
-27491
-27794
-27906
-27828
-28170
-28256
-27805
-27827
 29711
 28405
 27457
 27577
 28026
 28008
 27789
 28015
 27978
 27803
 27805
 27884
 27823
 28064
 28055
 28121
 27926
 27786
 27613
 27321
 25594
 22617
-23071
-26776
-24553
 31561
 28241
 21681
-10667
-25473
-26694
-27490
-27743
-27885
-28112
-28144
-28078
-28115
-27890
-27907
-27811
-27811
-27954
-27864
-27834
-27898
-27882
-27752
-27708
-24100
  2341
 27731
 27964
 28026
 28172
 28191
 28099
 28091
 28179
 28149
 27925
 27885
 27671
 26895
 26195
 24641
 22629
 16955
  8877
  4616
 18057
 21475
 25301
 26711
 25487
-12441
-28101
-26736
-22938
-19891
-15290
   145
-12330
-20473
-23278
-25299
-26265
-27564
-27875
-27692
-28269
-28318
-27913
-27923
-28374
-28368
-27847
-27718
-28041
-24195
 -2929
 20690
 23001
 25454
 26226
 26316
 26633
 27773
 27143
 27207
 28555
 28785
 26670
 25540
-30937
-27739
-24353
-23807
-21492
  2332
 18130
-26600
-27960
-27411
-27268
-27063
-26397
-25866
-24773
-23493
-18766
  -742
 21817
 23956
 24541
 26917
 27525
 25720
 24742
-32027
-29439
-27016
-27113
-27660
-26814
-26544
-25868
-25018
-23666
-21766
 13498
 26138
 28968
 26851
 26696
 27865
 27952
 27310
 27316
 27863
 27732
 26800
 26448
 26202
 24090
 22562
 19941
 17268
 14676
 16703
 21886
 24129
 24820
 28118
 29268
  5857
-11524
 23673
 28902
-23526
-24242
-26438
-23846
-24019
-26173
-26634
-26002
-26403
-28048
-28225
-27207
-28507
-28554
-27304
-27259
-28601
-28573
-26530
-25995
-28051
  9112
 26221
 28548
 28181
 27696
 27593
 26941
 26593
 26347
 23685
 22285
 20662
 14499
 30444
 27757
 25046
 24542
 23112
 -3112
-18385
-24192
-25894
-25894
-26163
-29192
-31789
 25325
 28032
 27345
 25341
 24035
 20492
 14150
-20724
-23633
-26269
-25032
-24319
  3521
-16480
-23277
-24458
-25321
-26250
-27181
-27333
-27777
-27580
-27452
-29448
-32054
 25365
 26358
 28273
 27100
 16322
   365
   353
  -328
  -311
   286
   271
  -251
  -239
   222
  -207
  -199
   186
   178
  -167
  -160
   151
   145
  -137
   128
   123
  -115
  -110
   103
    99
   -92
   -87
    80
   -72
   -67
    58
    52
   -41
   -32
    15
     1
    31
   -97
  -192
   837
-23074
-25885
-26863
-28167
-28449
-23940
 10841
 14454
 16907
 19048
 25383
 26623
 27487
 27778
 28014
 28124
 28126
 28148
 28165
 27742
 27480
 26811
 26587
 26606
 26786
 26850
 26778
 26805
 26692
 25678
 20887
 -9408
-24627
-26130
-26852
-27028
-26959
-26754
-26714
-26695
-26617
-27229
-27587
-27865
-28154
-28161
-28075
-28017
-27996
-27813
-26972
-26145
-23637
-15549
-13609
 -6244
 30390
 27409
 27585
 28343
 28236
 27599
 27901
 27757
 27113
 26883
 26765
 26319
 24904
 23823
 21711
  7663
   524
  -192
  -130
    87
    72
   -59
   -56
    52
   -52
   -54
    59
    63
   -74
   -83
   106
   132
  -218
   767
-16197
-22017
-23806
-25432
-26060
-26716
-27041
-27333
-27659
-27794
-27779
-27828
-28170
-28256
-27805
-27827
 29711
 27236
 27457
 28047
 28026
 27735
 27789
 28015
 27978
 27803
 27805
 27884
 27950
 28064
 28153
 28121
 27926
 27786
 27613
 27321
 25594
 22022
-23071
-24406
-24553
 31561
 28241
 21681
-10667
-25473
-27071
-27490
-27732
-27885
-28112
-28144
-28078
-28115
-27890
-27797
-27811
-27924
-27954
-27864
-27834
-27898
-27882
-27752
-27805
-24100
 17768
 27731
 27964
 28026
 28172
 28191
 28099
 28195
 28179
 27998
 27925
 27885
 27671
 26895
 26195
 24641
 20876
 16955
  1744
  4616
 18057
 21475
 25301
 26711
 25487
-30865
-28101
-24443
-22938
-19891
-15290
   145
-12330
-20473
-23804
-25299
-27075
-27564
-27535
-27692
-28269
-28318
-27913
-27923
-28374
-27899
-27847
-28149
-28041
-24195
 -2929
 20690
 23001
 25454
 25880
 26316
 27513
 27773
 27143
 27207
 28555
 28785
 26670
 32477
-30937
-24709
-24353
-23807
-21492
  2332
 18130
-26600
-27497
-27411
-27341
-27063
-26397
-25866
-24773
-23493
-18766
 17394
 21817
 23462
 24541
 26917
 27525
 25720
 24742
-32027
-26688
-27016
-27958
-27660
-26814
-26544
-25868
-25018
-23666
-17828
 13498
 29299
 28968
 26851
 26696
 27865
 27952
 27310
 27942
 27863
 27036
 26800
 26820
 26202
 24090
 22562
 19941
 15330
 14676
 19096
 21886
 23656
 24820
 28118
 29268
  5857
-11524
 23673
 -1988
-23526
-27300
-26438
-23846
-24019
-26173
-26634
-26002
-27806
-28048
-27098
-27207
-28507
-28554
-27304
-27259
-28601
-26851
-26530
-28231
-28051
  9112
 26221
 28548
 28181
 27696
 27278
 26941
 26972
 26347
 23685
 22285
 20662
 14499
 30444
 25191
 25046
 25132
 23112
 -3112
-18385
-24192
-25894
-25894
-28317
-29192
  6742
 25325
 28032
 27345
 25341
 24035
 20492
 -7602
-20724
-25438
-26269
-25032
-24319
  3521
-16480
-23277
-23921
-25321
-26967
-27181
-27451
-27777
-27580
-27452
-29448
